% .nsamples = 500 000 000
z = [0.904162, 3.02305, -0.87302, 0.979035, -1.56993, 1.26803, 1.07353, 1.71672, 
-2.04021, 0.344152, -0.356667, -0.736849, -1.80964, 3.36955, 1.38052, 1.28219, 
1.08031, 0.113552, -1.53337, -0.351202, 0.731948, -0.0121175, 1.68684, 1.30491, 
1.03097, -1.47891, -0.784997, -0.634846, -0.32925, 1.00168, 0.48865, -0.496437, 
0.334745, -0.687159, -0.698271, -0.353315, -0.17912, -0.647987, 0.213572, 1.04456, 
-0.2467, 2.18415, -1.52157, -0.114318, 1.2387, 1.20667, -0.509661, -1.08514, 
0.739127, 0.714781, -2.06766, -0.640577, -1.66668, 3.59911, 0.283562, -3.52521, 
-0.163126, 1.31745, 0.915964, 0.660576, -0.0927078, -0.406429, 1.75605, 3.34806, 
1.0381, 0.273744, 0.751527, 1.14552, -1.77137, 2.11888, -0.0498275, -0.802983, 
-0.798189, -1.10745, 0.450046, 1.11958, 1.40995, -0.244704, 0.12236, 1.19957, 
0.666607, 1.49304, 3.14751, 1.34989, -0.0921868, -0.506271, -2.00019, -1.06983, 
1.51734, -1.65733, -2.3473, 0.66042, 0.394739, 1.47342, 1.80151, 0.0232562, 
-0.186272, -0.16138, 1.24976, 1.3399, 1.48052, -0.443012, 2.59838, 1.46222, 
-0.27544, 1.7889, 0.0280071, 0.116645, -1.12873, -0.255485, -0.326523, 0.0457823, 
0.743322, -0.36321, -2.07569, 1.24435, 1.06611, 0.461407, 1.29223, 2.09297, 
-1.60549, 1.96543, -0.844796, 0.658835, 1.26116, 1.97341, -1.79692, 1.36195, 
-0.802811, -1.03823, -2.80476, 1.82948, -0.778799, 1.65237, 1.25057, -0.543236, 
-0.969935, -1.75398, 2.41959, 0.826729, 1.32604, -0.365133, 0.384507, 1.31398, 
-0.859577, 2.24453, -0.057981, 2.42405, 1.18109, -0.171435, -0.143555, -0.0568754, 
-0.706521, 1.46573, 0.694142, -0.931146, 0.457213, 0.195106, 1.43802, 1.55772, 
1.32247, 1.18226, -1.09482, -1.93866, -0.530692, -0.958057, -0.579219, 0.416652, 
-0.236457, -0.22841, -0.835118, -1.39717, 3.08392, 2.00267, 2.90141, -0.364173, 
0.840695, -0.155984, 0.672429, -0.282999, 1.77302, 2.29235, 0.970313, -0.807228, 
1.45292, 1.15398, -1.0567, 1.19468, 0.707944, -0.260291, -1.55605, -0.000577979, 
-0.0989256, 1.67488, 1.05032, 1.64054, -1.37384, 0.0898941, -0.533999, 0.906879, 
-0.168544, -1.66789, 0.222616, 0.781513, -1.61251, 0.831661, -1.06415, 0.663165, 
-0.621254, 2.30274, 1.47784, -2.06989, -0.735979, 1.76025, -0.352975, -0.880234, 
0.698079, 3.0774, 1.19454, 1.01161, -1.0248, 2.02596, 0.915205, 1.59556, 
-0.0963547, -3.34984, -2.54956, 0.47745, 1.56476, 0.0234821, 0.167213, 1.65798, 
2.23733, -1.28229, 1.20477, -0.137074, 1.99764, -0.224435, -0.722971, 1.25525, 
-1.05167, -0.0413515, -0.160469, 2.91856, -2.7087, -2.11283, -0.938642, 0.679448, 
-2.41524, 0.669175, 0.748958, 1.06912, -1.60048, 0.210827, -0.369129, 0.41193, 
1.01251, -1.20128, -0.383757, -0.470847, 0.376585, 0.521122, 0.756427, 0.998221, 
-1.519, 0.92631, -2.55942, 1.37723, 1.43028, -0.202712, 1.5588, 1.18567, 
-0.00699017, 1.85776, 2.29584, -0.561849, -0.691847, 1.44133, -1.15494, 1.02602, 
-0.287158, 2.13877, 0.330891, 0.320757, -0.985035, 0.71865, -0.311588, 0.373721, 
1.04504, 2.31613, 3.28736, 1.27562, 1.22973, 0.215384, 0.404948, -1.02973, 
-1.39976, 1.11277, 0.56168, -0.364094, -0.311817, -0.156835, 1.20146, -2.13116, 
0.360272, -1.84124, -0.464915, -1.26608, 1.09506, 1.47522, 0.959322, 3.17167, 
0.0899936, -2.07307, -0.855959, -1.36245, 0.239275, -0.92934, 1.34162, -0.240319, 
0.0780663, -4.34485, 1.64552, -1.36453, 2.90591, -1.23088, 1.94524, -0.886442, 
-0.770309, -1.1923, 1.39606, 0.15913, 1.68922, 1.33344, -0.363907, -1.54393, 
-1.07189, -3.89659, 1.98181, 1.39163, 1.22519, 0.63616, 0.670489, 2.65506, 
-1.95375, 0.379747, -1.11108, -1.47058, 2.14961, 1.99268, -2.25846, 0.135817, 
-0.173944, 1.22172, -0.917762, -0.0528484, 1.85107, 2.59988, 1.56087, -0.787723, 
0.460219, -0.17817, -0.130006, -0.0655709, 0.17456, 1.71612, 1.85395, 0.0918785, 
-0.416117, 0.35543, 0.629837, -1.32737, -0.512392, -0.827539, 0.207626, 2.93984, 
-1.82074, 0.814402, 0.665908, -2.53573, 1.25446, 0.894373, -2.08345, -0.700743, 
2.96109, 0.911954, 0.966738, -0.399446, -2.66904, 3.03855, -1.34325, -0.771456, 
-0.443409, 0.305678, 1.93248, -2.0865, -2.49811, -0.012381, 1.41575, 1.73578, 
-0.0404175, -0.0273205, -0.0816589, 3.13314, -0.0992467, 0.0128437, 1.11294, 1.51502, 
-0.610937, 0.997538, -1.42764, -2.41848, 0.355293, -1.44195, 1.21804, 0.617798, 
2.46179, -0.241142, 0.0921716, 0.113771, 0.0183445, -0.212413, 2.27472, -0.945284, 
-0.687605, -2.40145, 0.33118, -0.54695, 1.29657, 1.18546, -0.218335, 2.2749, 
2.02718, 0.154479, -0.722623, -0.0557013, 0.668534, 0.462878, -0.929208, 1.28179, 
0.257824, 1.30287, -3.2452, 0.148285, -1.65309, 0.732659, -0.318637, -1.96869, 
1.92055, 0.970135, 2.31031, 1.6599, -0.578738, -0.641485, 0.889904, -0.358646, 
1.42929, -0.820242, -0.976916, -0.885033, 2.05105, -0.234944, -2.04975, -2.36374, 
1.9417, -0.238168, 0.0481752, -0.2735, -0.438754, -0.28116, 1.32248, 0.441612, 
-1.54352, 1.13281, -1.20079, 0.425152, 0.209323, -1.37519, 0.130442, 2.18244, 
0.666975, 1.9375, 0.063863, 1.21512, 1.84448, 2.59528, -0.150901, 0.510248, 
0.945136, -0.718904, 0.298434, -1.80504, -1.48157, 2.28815, 1.83946, -2.39437, 
0.589833, 1.56328, 1.20257, -0.320113, -0.0331888, 1.27751, 1.08743, -0.378783, 
0.104609, 0.0135052, 0.119801, 0.963887, 1.11977, 0.466582, 0.39299, -0.674663, 
0.666415, 0.234778, 1.91495, 2.08889, 1.63195, 2.84563, -1.06881, -0.357204, 
0.618306, 2.15923, -0.569394, 0.580155, 1.76444, -0.410914, -1.13053, -0.619558, 
3.42586, 1.01831, 0.87082, 1.96518, 2.10175, 2.56016, 0.394833, -0.603229, 
-0.966942, 0.201308, -2.41682, -0.649745, 0.776854, 1.78125, 1.78598, -0.39957, 
-2.30973, -2.35757, -0.125001, -1.34812, 1.57477, -1.74661, 1.19287, -0.334952, 
0.922903, -1.33529, 1.43348, 3.57349, 1.53526, -0.675793, -3.47241, 1.75092, 
1.73097, -0.793525, 0.505622, 2.97946, 0.975642, 0.868924, 0.570135, -1.08899, 
0.352239, 1.28018, 1.64497, -0.406562, -0.0311778, 1.36046, 0.95658, -2.80082, 
0.834071, -0.706455, -0.765749, 2.30835, 0.325955, -1.02256, 1.8162, -0.281464, 
1.64831, 1.17824, 1.27896, -4.3375, 0.992397, 0.195853, -1.49905, -0.36275, 
-1.91907, 0.0460986, 1.7338, 0.434188, 1.62946, 2.69836, -0.7945, 0.140905, 
1.06835, 1.06503, -0.981672, 0.507159, -1.79996, -1.03404, 0.701123, 0.439785, 
1.09609, -0.243447, -1.92163, -0.623635, 2.31172, 0.337682, 1.21748, -0.907428, 
1.53363, -0.724673, 0.568767, 1.24463, 1.11384, 1.26263, 0.0460331, -0.843639, 
-0.390105, 1.44177, 1.36699, 0.047231, -0.809705, 0.833273, -0.0793279, -0.214638, 
1.36689, 0.182549, -0.721697, -1.03009, -1.82575, -2.0817, -1.68366, -0.285298, 
-1.32065, 2.44102, -0.0731151, 1.35518, 0.520044, -0.989989, -1.91387, -0.559048, 
-0.325161, 3.27284, -0.791501, 1.367, 1.24096, 1.70986, -1.53801, 1.41729, 
-0.802624, -0.145889, 3.73175, -1.05102, 0.141915, -0.185184, 0.684636, 1.21179, 
1.82306, -0.561548, -0.299268, 1.28502, -0.515903, 1.36744, -0.522725, -0.799944, 
-0.684143, 0.444327, -1.07875, 2.24863, -0.984784, 2.59138, 1.64512, 0.359893, 
1.08667, 1.00635, 0.315667, 0.14494, -0.0132464, -2.11591, -0.508254, -0.897523, 
0.753939, -2.00493, 2.59012, 2.10068, 0.359511, -0.485917, 1.3979, 0.617337, 
-0.976726, -1.75588, -0.0852385, 0.521294, 0.0419049, -0.275504, -1.43424, 0.098844, 
-0.0957719, -0.797814, 2.43687, -1.32922, 0.577382, 0.667876, 0.891348, 0.504782, 
0.375268, 0.0537655, -0.422802, -1.13928, -3.15556, 2.75694, -0.100403, -0.963592, 
3.12518, 1.38488, 3.25726, -0.593443, -0.417901, 0.40585, 0.26451, -1.23194, 
-0.383272, 0.215328, -1.40208, 0.0657565, 0.941152, -1.09895, -0.293505, -2.13826, 
0.949122, 0.959094, -1.60602, -0.0344693, 0.734338, 2.79863, -1.17427, 1.24993, 
1.17487, -0.678976, 1.6159, -0.107248, -1.3251, 1.81966, 0.736298, -0.171302, 
-0.472996, -1.77808, 0.668382, 0.355735, 0.129725, -0.162242, 0.837268, 0.905726, 
1.17934, 1.04022, -0.194806, -1.63713, 0.603817, 1.10347, 1.64713, -0.762406, 
-0.32819, 0.93415, -2.22818, -0.99003, -1.37352, -1.03871, -1.6493, 0.257372, 
2.66738, 0.0357596, 1.85775, -0.678734, 1.36539, 0.832539, -0.452243, 0.439277, 
1.63297, -0.336091, -1.74106, -0.296622, 0.747142, -0.975245, 0.586139, 0.765079, 
