% nsamples = 100000000
z = [1.9858, 0.990252, -0.646624, -0.883521, 1.22739, 0.925763, 0.105232, 0.141786, 
1.67759, 2.15345, 0.827463, -1.59287, -1.59238, 0.279227, -0.640198, 2.17988, 
0.564505, -0.85256, 0.0767498, 1.18518, 2.01527, 1.27972, -2.92421, -0.0499172, 
-0.475264, 2.37175, 2.49347, -0.143447, 0.182613, -0.196011, 1.39921, -0.53628, 
0.234569, -1.25165, -0.93276, -0.321555, -1.53315, 1.38708, -0.191997, 0.476923, 
-0.0729171, 2.55009, 0.972388, 0.125032, -2.0765, 0.529246, 0.316877, 0.628798, 
0.248356, 0.486939, -0.52693, -0.312452, -0.864596, -1.40144, -0.932919, 1.12061, 
1.9992, 0.787577, -0.576624, -1.30434, 1.36273, -0.652728, -1.09756, 2.19568, 
-2.38225, -2.19591, 0.709935, -0.830412, -0.564676, 1.8938, -1.98632, -0.237292, 
3.38967, 1.03705, -1.52532, -0.971113, -1.73303, -0.588922, -1.45237, -4.09271, 
0.916921, 0.739273, -0.136047, -1.16834, 0.461044, 0.0966285, -0.418559, -0.772743, 
-0.823898, -2.86374, 1.57662, 1.71948, -0.557699, 0.0818097, -0.260811, -0.33773, 
-1.20439, -0.199856, -1.48114, 2.21896, 2.96028, -1.73291, 1.22471, 0.161176, 
-0.559999, -0.193282, -1.021, 0.670398, 1.42081, 1.67161, 0.797177, -0.083825, 
-1.0505, 1.40448, -1.1018, 4.19167, -0.127279, -1.58464, -0.902007, 1.03513, 
-2.42577, -1.14582, -0.397164, 2.61393, -0.00672966, 0.277365, 1.74991, -0.498626, 
-0.957502, 1.91647, -0.996472, 1.48977, 0.441593, 0.955424, 0.565843, 0.231271, 
1.3861, 0.114131, -0.648126, 1.31732, 2.31935, -0.776882, -1.01804, -2.17461, 
1.17664, 0.572228, 0.213437, -0.0642559, 1.36728, 2.21142, 1.56695, -2.26996, 
-2.0735, 1.15723, 0.738702, -0.870498, -0.600097, 0.659071, -1.02083, -0.37247, 
0.186019, -0.830359, 1.28495, -0.454762, 0.788433, -1.32361, 2.995, 0.239471, 
2.5187, -0.0143337, 0.766852, -1.42597, 1.24311, -1.05097, 1.77615, 1.68536, 
-1.11957, 1.03151, 1.37484, 0.509677, -1.98835, -0.84102, -1.79253, 0.165067, 
1.17953, 0.912543, 1.82815, 0.00152283, -1.48443, 0.426997, -1.33609, -1.17132, 
1.93717, -4.39493, 1.85926, -0.88818, -3.62044, 0.730534, 0.0064215, 0.0471241, 
0.594057, -0.26133, 0.662933, -2.38529, -1.79351, 0.173438, -0.552166, 0.40553, 
1.08935, -0.265586, -0.611848, -0.746455, 1.07497, -1.12706, 0.350341, -1.01689, 
-0.528993, 0.200313, 0.213957, 1.1882, -0.412942, 1.11003, 0.617045, -1.83875, 
1.4963, 0.452571, 2.12222, 1.87611, -0.46949, 0.462103, 1.86093, -1.59914, 
2.04328, -0.771215, -0.471887, 0.788357, -0.226889, 1.53937, -0.246192, 0.311024, 
4.07784, -1.72358, -0.724359, 1.67193, -0.505465, 0.884818, -0.0627259, 1.6846, 
-1.466, 0.665792, 1.13675, 0.694559, 1.41929, -0.447187, 0.791857, 1.10247, 
1.09256, -1.05982, 0.261741, 0.596701, -0.197093, 0.46606, -2.8545, -2.85748, 
-0.944159, 1.59487, 1.36005, 1.75503, 2.40751, -0.249526, 0.679263, -0.870552, 
1.71989, 0.0216384, 2.06577, 0.83825, 0.166098, 2.14052, -2.78384, 1.18742, 
1.8695, 0.654832, -0.804465, -1.83189, 0.427358, -1.26934, 2.25263, 2.17549, 
0.223308, -2.47919, -1.2241, -1.20145, 0.338454, -0.0975188, 0.352261, -2.65959, 
-1.07823, 0.823915, 1.15449, -0.0812383, 0.982782, 2.7455, 0.731373, -0.751359, 
2.95748, 1.9618, 2.26266, 0.410175, -0.149593, 0.501325, 1.58331, 1.90236, 
1.07932, -0.212932, 0.157987, -0.512715, 0.140713, 0.138416, 0.600945, 1.62426, 
-0.781405, 0.453923, -1.22104, 1.7288, 2.05688, 0.522491, -1.57915, 1.21503, 
-1.93858, -0.670175, 1.61411, -1.67799, -0.778792, 0.754326, 0.375338, -0.884473, 
-2.17493, -2.38541, 0.796619, 1.60451, 0.278068, 1.38445, 3.17435, -0.283416, 
2.19297, 0.657542, 1.40252, -1.2248, -1.07301, -0.890147, -3.15475, -1.03483, 
2.35803, -0.76507, 1.08303, 0.649107, -1.76402, -0.467463, -1.47125, -0.0228795, 
0.0547817, 1.62856, -0.273677, 0.822301, -1.1391, -0.248404, 1.75212, -2.37322, 
-0.296866, -0.355094, 0.388853, 1.6348, 1.21861, -1.3748, 1.01643, 0.767415, 
-0.741691, 2.33242, -1.70828, -1.25741, 0.454047, -0.14044, -0.680148, 0.165529, 
0.36881, 0.434315, 0.0456818, 0.772703, 0.437548, 0.686833, -0.650968, -0.272576, 
-0.439958, 0.68709, -1.07698, -2.05068, 0.900782, 1.29817, -0.194182, 0.542278, 
-2.01719, 0.0262327, 0.991639, 0.497839, -0.554099, -1.26023, 0.904492, -2.55196, 
-1.47149, 1.12061, -1.15804, -0.232915, -2.00271, -0.662343, 1.43874, 0.115827, 
1.41133, 1.15297, -0.13831, -0.428348, 2.17979, -1.07842, 0.0472674, 2.62679, 
0.104904, -0.498961, 0.596207, -0.92383, -1.72215, -1.14074, -0.043782, 1.71537, 
-1.06418, 3.24589, 1.02676, -0.21318, 0.324123, -0.0451796, -1.52502, 0.394652, 
-1.77451, -3.23331, 0.161437, -0.102859, -0.347253, 0.176863, -0.433694, 0.447457, 
-0.97492, 0.511991, 0.418326, 0.195753, 0.731509, -2.44409, -2.27249, -2.30281, 
-0.714613, 1.79009, 0.744802, -0.111632, 0.208963, 1.5444, 0.790866, -0.631486, 
0.784275, 0.561116, -0.839212, -0.663789, 1.61239, -0.924477, 1.30184, 0.599791, 
2.15605, 1.66665, 2.20215, 0.432885, -1.23797, 0.267587, -0.96877, 0.589809, 
1.82596, 1.77338, 0.550708, -1.09846, -1.74256, -0.781899, -0.0670361, 0.355781, 
1.8245, 0.069914, 1.15829, -0.988972, -0.214666, 2.17776, 0.948539, 0.202026, 
-2.21878, 2.11696, 3.02776, -0.0245751, 0.145627, 2.04758, 0.215615, 1.11041, 
1.99825, -0.0531818, -0.15637, 1.41161, -0.592907, 3.2772, -1.24904, -0.825785, 
-1.04019, -2.16591, -0.296301, -1.02718, 0.653206, 2.55087, -1.33535, -0.0308382, 
0.497384, 2.82582, -2.01929, -3.43967, 0.412175, -0.379342, 0.31821, 0.603878, 
0.865616, -0.0372545, -0.573444, -1.36134, 2.26687, 2.40634, 0.409921, 0.691056, 
-1.49406, -1.5527, 0.00214183, 1.84816, 0.66894, -0.410708, 0.593498, 0.0922146, 
1.70351, -0.148571, -0.66014, -0.294925, 0.230139, 3.39183, -1.60649, 3.13384, 
-1.79811, 0.921277, 0.313816, -0.251927, 0.873109, -0.288719, 1.71261, -0.130359, 
-0.843401, 0.523576, 1.72642, -0.545733, 0.524882, 1.81896, 1.45978, -0.0432774, 
0.677792, -0.0726604, -0.519311, -0.94871, 0.833913, 3.05502, 0.292168, 0.193965, 
-0.678014, 1.17796, 2.30817, 1.97108, 0.376074, 1.22413, -0.944043, 2.41065, 
2.62442, -0.0313426, -0.392836, 1.31271, -1.7978, 0.704645, 0.419026, 1.78048, 
0.676422, 1.22948, 1.10068, -0.0390016, 0.83058, -1.01754, 2.64793, 0.733975, 
0.0224729, -1.49454, 1.75975, 1.4738, 3.16781, -0.946431, -0.0816137, -0.0674288, 
-0.875707, 0.251133, -1.66776, -3.04149, 0.628605, 0.802858, 1.51666, 2.22407, 
0.296289, 1.92932, 0.118786, 2.28431, 2.54747, 0.589716, 0.0729376, 1.54, 
1.12446, -0.453162, -1.60534, 0.110631, -0.320564, -0.245673, -0.684605, 1.97607, 
1.97276, 1.3853, -1.81128, -0.189903, 1.57152, 2.73803, -1.15581, 1.38989, 
-2.39505, 0.244242, 0.831655, -0.81132, -0.463636, 0.222552, 2.35584, 0.240897, 
2.13475, -0.897103, -0.410388, 1.80809, 0.881232, 1.81424, 1.59206, 1.8774, 
1.21368, 3.03513, 1.92997, 0.68438, -4.15559, 0.387386, -1.56281, 0.910203, 
0.766554, 0.998533, 1.32777, -0.437122, -0.897135, -0.453066, 1.84758, 3.0109, 
-0.644231, 1.48516, 0.415056, -1.46859, 1.36591, 0.0103573, -1.33431, -1.83612, 
0.729781, -1.7551, 0.155425, -0.883754, 2.1934, 0.0345674, 1.32127, 1.28842, 
2.13155, 0.543561, -0.930081, 1.00514, 1.49518, 1.67057, 1.88838, -0.293591, 
0.288456, 0.415822, -2.39706, 0.944744, -0.138386, 1.11774, 2.45377, 0.00050188, 
-0.129859, 2.30556, 1.75194, -1.05582, 0.656177, 1.11107, 0.643797, 1.3167, 
-0.529974, 1.46604, 2.7428, -2.4041, 0.508125, 0.0168713, -1.65245, 3.12534, 
1.20304, -0.532144, 2.05488, 0.87751, 0.36394, -0.993158, -0.799735, 1.00994, 
0.963022, 1.47655, -0.330589, -0.905535, -1.23249, 2.95646, -1.7892, 1.12775, 
1.45164, 0.75775, 0.161257, 2.0174, 0.506208, 0.580348, -1.52045, -1.36659, 
-0.892117, -0.451101, 1.12571, -0.211016, -2.06544, 0.41856, 2.37687, 1.0179, 
-0.0279623, -0.0746709, 0.31075, -0.539664, 0.827705, 1.51822, -0.341931, -2.30161, 
-0.192467, 0.223697, 0.747607, -0.684675, 0.311236, -0.935366, -0.828443, 1.40576, 
-1.69444, 0.301352, -0.524191, -2.12638, -0.4141, -0.499026, -1.24581, -0.256803, 
-0.739524, 0.084507, 1.26964, 0.186466, 2.77095, -0.679122, -3.04909, -0.85025, 
-0.019863, 2.29472, -1.0932, -2.20169, -0.514289, -0.827381, 0.110116, 0.100816, 
